 C     0.094716     0.101569     0.002762
 C     0.032907     0.074200     1.399843
 C     1.236611     0.033715     2.149782
 C     2.486469     0.048528     1.526663
 C     2.518612     0.091530     0.136384
 C     1.338102     0.111818    -0.620137
 N     0.940248    -0.025165     3.500182
 C    -0.448547    -0.035580     3.652754
 C    -1.048963     0.052643     2.360019
 C    -1.234235    -0.125977     4.803398
 C    -2.623771    -0.092217     4.647743
 C    -3.224168    -0.003867     3.355034
 C    -2.438506     0.086534     2.204370
 C    -3.705644    -0.113790     5.607925
 C    -4.909342    -0.073043     4.858007
 N    -4.612991    -0.013914     3.507593
 C    -6.159183    -0.087780     5.481157
 C    -6.191300    -0.131055     6.871428
 C    -5.010778    -0.151678     7.627926
 C    -3.767407    -0.141471     7.005003
 C    -5.621040    -0.063554     2.462782
 O    -2.997016     0.206747     0.942208
 C    -3.116193     1.564918     0.494858
 O    -0.675896    -0.246061     6.065719
 C    -0.556254    -1.604205     6.512942
 C     1.948339     0.023548     4.544946
 H     1.397295     0.129512    -1.702211
 H    -0.816295     0.094493    -0.581528
 H     3.404670     0.016469     2.100653
 H     3.477213     0.100634    -0.370350
 H    -7.077401    -0.055460     4.907209
 H    -7.149894    -0.140091     7.378177
 H    -5.069962    -0.169610     8.709997
 H    -2.856360    -0.134726     7.589240
 H    -6.181045     0.876752     2.403663
 H    -5.135894    -0.252578     1.510253
 H    -6.326986    -0.873980     2.665828
 H     1.463300     0.212224     5.497602
 H     2.508137    -0.916923     4.603454
 H     2.654477     0.833941     4.342398
 H    -3.775682     2.138856     1.154642
 H    -2.137984     2.052384     0.452327
 H    -3.547230     1.524320    -0.505855
 H    -1.533962    -2.092913     6.552569
 H     0.105795    -2.177132     5.854825
 H    -0.128047    -1.563441     7.514870

