Benz 0.0 0.0 0.0    1.0 0.0 0.0   0.0 1.0 0.0   0.0 0.0 1.0
Benz 0.0 0.0 0.0    1.0 0.0 0.0   0.0 1.0 0.0   0.0 0.0 1.0
Benz 0.0 0.0 0.0    1.0 0.0 0.0   0.0 1.0 0.0   0.0 0.0 1.0
Benz 0.0 0.0 0.0    1.0 0.0 0.0   0.0 1.0 0.0   0.0 0.0 1.0
Benz 0.0 0.0 0.0    1.0 0.0 0.0   0.0 1.0 0.0   0.0 0.0 1.0
Benz 0.0 0.0 0.0    1.0 0.0 0.0   0.0 1.0 0.0   0.0 0.0 1.0
Benz 0.0 0.0 0.0    1.0 0.0 0.0   0.0 1.0 0.0   0.0 0.0 1.0
Benz 0.0 0.0 0.0    1.0 0.0 0.0   0.0 1.0 0.0   0.0 0.0 1.0
Benz 0.0 0.0 0.0    1.0 0.0 0.0   0.0 1.0 0.0   0.0 0.0 1.0
Benz 0.0 0.0 0.0    1.0 0.0 0.0   0.0 1.0 0.0   0.0 0.0 1.0
Benz 0.0 0.0 0.0    1.0 0.0 0.0   0.0 1.0 0.0   0.0 0.0 1.0
Benz 0.0 0.0 0.0    1.0 0.0 0.0   0.0 1.0 0.0   0.0 0.0 1.0
Benz 0.0 0.0 0.0    1.0 0.0 0.0   0.0 1.0 0.0   0.0 0.0 1.0
Benz 0.0 0.0 0.0    1.0 0.0 0.0   0.0 1.0 0.0   0.0 0.0 1.0
Benz 0.0 0.0 0.0    1.0 0.0 0.0   0.0 1.0 0.0   0.0 0.0 1.0
Benz 0.0 0.0 0.0    1.0 0.0 0.0   0.0 1.0 0.0   0.0 0.0 1.0
Benz 0.0 0.0 0.0    1.0 0.0 0.0   0.0 1.0 0.0   0.0 0.0 1.0
Benz 0.0 0.0 0.0    1.0 0.0 0.0   0.0 1.0 0.0   0.0 0.0 1.0
Benz 0.0 0.0 0.0    1.0 0.0 0.0   0.0 1.0 0.0   0.0 0.0 1.0
Benz 0.0 0.0 0.0    1.0 0.0 0.0   0.0 1.0 0.0   0.0 0.0 1.0
Benz 0.0 0.0 0.0    1.0 0.0 0.0   0.0 1.0 0.0   0.0 0.0 1.0
